1000
4 39 28 40 23
2 61 51
4 63 87 24 31
4 100 2 37 74
3 99 7 50
5 96 36 62 12 47
3 9 53 64
4 80 3 22 3
3 24 16 77
1 92
5 31 91 61 67 16
4 65 74 53 42
1 40
5 33 86 82 93 90
5 91 69 99 12 23
1 88
4 90 50 30 49
2 72 9
1 39
2 67 12
1 8
2 7 62
1 45
1 8
4 92 99 55 91
2 77 3
1 67
4 50 48 92 34
1 53
4 9 64 50 20
2 10 4
5 23 19 34 70 27
5 14 77 74 56 38
2 58 39
1 2
5 68 45 73 39 97
3 47 13 58
4 44 19 22 85
1 40
4 63 18 38 76
4 63 31 32 16
3 22 36 41
3 4 86 86
4 34 93 40 46
2 58 41
5 79 26 13 71 96
5 88 85 50 82 47
2 65 62
1 38
3 12 50 53
4 87 46 34 32
5 80 33 95 72 5
5 97 69 95 44 43
5 28 44 16 26 75
2 88 45
4 37 8 70 89
3 57 86 42
3 22 21 72
1 92
3 93 41 96
2 84 38
1 64
3 88 89 7
1 28
4 91 64 11 61
4 19 69 89 60
3 63 32 31
3 75 59 70
5 54 9 51 44 81
4 76 21 54 35
1 82
5 34 45 100 46 1
5 14 41 81 73 3
2 3 81
4 61 2 5 67
2 7 10
3 72 37 15
1 71
2 7 60
5 51 12 35 3 81
5 44 14 24 46 77
2 78 15
4 80 20 5 93
3 14 35 50
1 49
5 73 58 81 33 47
3 44 34 86
1 85
1 41
4 26 18 87 4
4 25 35 55 30
4 33 95 14 82
5 14 56 18 23 88
2 70 70
2 55 7
4 91 87 65 51
5 34 37 20 17 14
1 72
3 84 56 37
4 37 34 63 44
1 137
1 152
1 152
3 112 159 171
3 197 187 153
1 120
2 180 137
5 185 160 149 121 167
5 169 103 118 183 198
5 120 180 123 125 131
2 189 141
5 143 190 131 147 150
3 188 182 139
2 118 150
2 138 116
2 107 170
1 189
4 168 160 198 190
2 180 164
5 121 108 167 162 190
3 163 192 153
4 182 146 114 183
3 103 198 166
1 119
3 102 137 180
1 134
2 197 166
5 121 138 144 139 199
3 152 161 177
4 157 158 101 170
1 188
4 190 153 185 109
1 186
2 145 146
3 118 143 148
4 115 185 197 154
3 182 157 195
3 112 151 167
2 172 159
5 196 149 152 180 109
4 117 157 166 162
4 183 156 138 137
1 122
5 176 156 118 184 151
2 195 153
1 106
5 104 157 120 152 161
1 112
4 167 169 194 128
2 129 136
5 117 158 118 153 133
4 171 116 176 149
2 128 194
4 152 198 176 123
1 188
5 113 168 191 181 114
1 139
2 106 183
5 115 153 162 199 126
4 166 153 185 127
5 178 145 184 127 172
3 128 111 183
5 179 125 172 192 195
5 185 152 145 194 166
2 107 164
4 191 129 178 175
5 109 104 152 144 131
5 102 158 138 136 149
1 160
5 159 107 181 143 158
2 188 176
5 194 139 150 184 168
2 110 174
3 114 177 131
1 104
4 153 141 119 153
1 131
4 166 189 104 108
1 133
5 121 157 140 112 107
1 131
5 185 104 172 150 133
3 145 188 138
4 128 109 101 135
4 124 200 179 180
4 124 112 153 197
5 144 108 178 119 138
3 104 193 186
5 177 140 102 164 178
5 191 186 103 177 176
3 176 154 109
4 129 172 138 125
2 182 184
4 200 173 183 155
3 169 160 194
3 113 158 137
4 200 122 116 177
4 146 104 154 154
5 183 178 127 159 169
5 195 189 112 167 172
3 284 292 229
5 251 241 287 288 255
3 209 222 266
5 267 270 263 273 259
5 250 237 256 270 249
5 258 260 216 281 277
2 224 206
1 275
1 219
2 252 208
2 274 274
1 240
3 294 264 253
5 213 289 245 234 237
4 244 248 262 224
2 265 300
2 297 274
4 267 235 283 274
1 256
2 287 295
1 232
1 245
1 223
1 266
4 274 259 252 222
2 227 298
1 226
1 284
4 261 250 233 243
4 241 250 222 227
2 215 258
2 259 278
1 244
5 289 218 206 240 291
2 267 240
5 244 222 248 243 234
3 227 229 273
2 278 294
5 274 260 254 280 219
4 261 214 278 249
1 235
1 273
2 259 212
3 202 233 227
1 267
1 275
5 248 293 272 294 238
3 253 243 277
3 278 237 237
3 238 219 242
3 292 205 236
3 232 289 236
1 285
4 286 259 248 286
1 271
4 240 268 283 283
2 206 260
3 294 267 222
2 261 299
3 265 286 206
4 275 293 259 259
1 244
4 245 229 219 215
4 211 235 242 245
1 299
1 215
2 275 237
3 235 287 206
4 273 263 247 299
5 205 209 300 201 277
4 281 247 210 240
2 296 233
1 226
3 257 293 274
1 229
3 265 267 285
3 291 247 262
4 201 218 297 252
3 273 247 299
5 209 290 276 204 222
4 282 204 285 274
4 215 254 208 231
5 245 245 211 291 206
1 244
4 248 247 293 272
4 291 243 202 280
4 257 253 299 238
3 283 211 288
4 216 296 279 288
2 275 250
2 233 300
2 256 299
1 300
1 269
1 213
2 222 283
3 227 281 268
4 215 278 222 263
1 269
3 233 260 220
2 393 352
3 322 307 332
2 358 302
2 400 366
3 322 349 367
5 381 334 333 396 364
1 310
4 374 355 341 385
4 374 330 325 306
1 383
2 399 340
5 315 340 356 304 313
1 370
2 336 356
1 383
4 302 393 327 327
2 319 364
5 344 393 344 349 395
1 338
3 317 327 307
1 334
5 320 389 331 331 377
1 327
4 356 380 351 334
3 349 352 321
3 347 313 363
3 307 340 385
1 357
3 357 364 397
3 384 337 301
1 313
1 344
2 342 323
4 375 381 323 379
3 342 377 318
2 324 376
1 308
2 304 371
3 320 319 353
5 307 353 320 320 390
4 343 383 338 316
5 370 390 340 323 384
1 392
5 340 367 387 347 393
3 369 328 362
4 332 368 346 384
2 317 325
2 359 308
5 326 317 361 368 356
5 351 371 326 342 362
3 380 361 337
2 381 364
5 320 395 302 317 330
1 333
5 342 343 362 333 320
5 346 339 337 380 389
4 306 382 321 350
2 381 386
3 361 302 370
2 396 323
3 326 363 332
2 305 326
5 389 398 374 334 336
2 314 377
5 371 358 340 372 319
5 357 354 333 310 323
1 306
5 364 383 360 347 314
1 325
3 304 322 383
3 309 344 303
5 363 325 343 355 396
3 326 304 366
3 366 340 374
1 337
4 305 396 387 318
1 363
2 366 336
4 355 345 304 309
4 366 333 323 372
5 336 398 336 301 355
1 393
5 323 381 368 327 376
2 344 338
4 322 355 305 382
5 349 385 318 329 302
1 352
4 382 387 371 317
4 377 369 383 357
1 363
1 317
5 334 312 379 303 333
4 359 314 343 359
5 360 339 352 362 390
2 396 328
2 364 367
5 333 301 331 375 364
4 392 305 392 355
4 346 340 317 356
5 359 314 355 370 353
1 484
4 434 479 422 480
2 440 454
1 440
2 401 455
2 444 460
3 498 443 436
2 459 491
2 469 457
3 490 461 405
5 454 438 403 475 469
2 466 474
2 406 410
2 412 456
5 471 446 415 465 481
3 423 423 496
3 479 443 485
4 447 409 493 436
4 419 404 460 485
3 481 442 439
5 453 495 471 476 492
5 440 472 488 415 494
3 409 425 478
3 463 476 454
2 412 417
1 467
1 462
4 408 455 483 462
2 429 433
4 420 469 474 443
3 440 436 443
3 412 420 493
5 495 446 481 458 462
3 425 489 419
5 496 473 402 410 432
2 442 417
1 462
2 495 470
1 483
2 429 494
3 473 468 429
3 401 487 431
3 463 419 429
2 466 453
1 475
1 469
3 453 470 430
4 416 451 475 498
2 455 492
4 479 411 472 448
1 410
3 421 472 448
4 406 465 453 441
5 489 409 459 493 430
3 486 446 490
2 495 451
3 486 446 496
2 470 443
4 479 472 431 403
1 431
3 436 484 500
5 472 460 485 416 490
3 401 487 414
5 433 465 482 419 462
5 467 431 424 477 410
3 408 464 418
3 471 453 421
5 479 444 481 464 459
2 488 412
5 401 476 493 417 409
1 479
5 429 461 466 457 422
5 464 485 482 402 407
2 474 428
2 470 409
2 480 430
1 443
5 424 470 482 440 431
4 470 420 424 483
2 480 404
1 444
1 435
2 447 473
2 475 489
3 483 473 475
4 443 417 453 466
2 486 458
2 481 479
3 404 461 477
1 417
2 431 457
3 479 403 435
5 429 476 495 411 448
4 427 442 485 431
5 423 417 417 439 449
2 479 453
5 455 440 476 483 470
4 446 448 486 480
4 415 407 445 477
4 413 455 496 450
1 507
2 502 523
3 502 521 541
1 580
5 545 507 577 514 590
4 513 528 554 564
4 560 508 522 566
1 577
3 522 562 519
3 515 593 555
1 513
5 522 545 541 566 503
5 532 593 543 544 572
3 507 565 508
2 586 525
2 562 589
3 575 507 552
4 599 507 505 563
3 578 559 546
3 562 515 526
1 557
5 577 505 528 541 564
1 578
3 532 592 576
1 566
4 595 555 584 553
1 598
5 588 557 502 530 570
1 508
5 573 529 503 577 556
5 592 502 572 531 585
3 558 528 529
1 574
5 526 526 545 523 582
2 579 584
3 600 599 520
4 523 548 528 551
1 522
2 509 546
2 545 508
4 572 588 571 597
2 596 522
1 571
1 549
4 539 562 501 589
1 574
2 581 554
4 536 575 556 544
5 579 588 580 560 512
2 530 508
1 578
2 506 548
2 507 548
2 568 548
2 600 574
5 580 527 544 515 553
4 558 573 529 598
4 588 561 570 518
3 562 547 501
5 546 589 526 593 567
3 593 586 592
1 515
2 544 558
3 596 508 548
5 537 545 523 524 505
5 593 524 506 591 577
2 536 517
2 529 584
4 573 569 538 538
5 561 533 593 598 580
2 545 600
5 589 574 516 545 570
3 521 528 599
2 504 586
5 558 514 548 503 586
3 540 575 503
5 559 547 550 539 598
4 590 538 535 563
5 531 585 512 551 512
2 599 567
3 564 524 513
3 527 551 531
1 577
3 518 536 531
2 574 528
2 563 517
1 577
1 577
1 585
4 524 598 578 591
2 593 514
5 555 592 512 537 510
3 521 527 523
1 545
1 579
1 510
2 502 539
5 530 599 556 508 575
3 537 565 550
4 530 511 536 522
2 672 683
4 645 609 684 695
5 631 625 660 641 672
3 679 643 642
4 698 602 603 650
3 619 651 619
1 661
1 674
2 677 656
3 621 664 626
3 620 656 692
4 648 663 644 678
2 637 607
4 638 661 656 628
2 606 698
2 667 603
5 700 631 660 642 604
5 619 671 694 675 662
4 674 677 619 652
3 656 610 639
5 670 694 672 653 699
4 684 617 671 640
2 654 651
5 657 677 629 627 622
5 640 646 628 616 616
4 601 671 640 639
1 610
2 639 614
2 660 698
4 682 689 667 635
5 676 691 668 656 669
5 662 609 687 690 624
2 620 676
3 660 614 640
1 697
5 634 679 689 683 629
1 624
5 657 615 622 648 682
5 668 671 691 676 609
2 652 611
2 627 635
3 641 626 635
4 655 668 667 644
3 647 666 626
1 622
5 615 621 673 644 689
4 634 664 652 618
2 614 621
4 648 683 686 673
2 674 680
1 693
5 690 639 640 667 632
3 658 646 634
1 689
4 626 674 689 677
1 656
3 663 649 690
5 686 615 613 659 646
1 603
5 642 642 659 609 673
3 618 670 656
3 658 681 673
3 670 602 626
5 644 688 625 685 685
2 651 649
2 696 601
5 615 643 616 625 603
5 648 620 609 655 620
3 636 692 652
2 645 629
3 688 669 609
5 653 670 675 653 641
1 654
5 637 648 682 662 602
3 661 673 633
5 692 650 602 684 654
3 628 682 690
3 650 698 692
4 619 618 607 660
5 612 674 677 611 608
5 612 680 602 684 613
1 676
4 618 611 619 627
5 601 669 609 602 618
5 656 637 670 614 696
4 677 621 637 687
3 678 650 660
4 685 624 647 660
4 616 622 608 642
2 660 610
5 661 680 672 668 616
3 633 611 653
1 683
2 699 611
4 648 622 650 633
2 648 644
5 663 618 644 656 681
3 666 700 616
2 623 635
2 667 620
2 720 780
4 761 779 766 731
3 739 732 762
2 779 706
2 741 723
2 797 755
2 714 706
2 710 729
3 721 747 742
4 766 722 749 778
2 767 709
4 705 792 743 792
1 748
5 711 722 733 759 776
4 772 781 742 733
1 765
5 708 758 798 725 731
4 703 782 765 763
3 721 706 705
4 776 704 730 739
2 763 797
4 716 721 736 758
5 797 774 710 756 731
2 732 762
2 786 795
1 800
2 742 706
3 757 781 716
2 771 744
4 768 747 764 740
3 773 744 731
1 753
3 777 712 769
5 768 755 784 741 706
1 734
1 753
5 744 721 776 714 764
4 733 763 740 724
5 712 768 775 758 772
2 786 735
2 775 755
3 758 747 744
5 780 754 755 769 749
2 797 715
2 720 747
4 711 771 800 723
5 774 732 713 737 769
5 721 743 754 758 752
2 701 754
1 707
3 751 707 786
2 721 727
4 720 731 729 790
5 751 731 756 734 795
4 702 794 764 796
4 774 800 750 774
3 732 732 712
3 739 797 729
1 723
2 730 705
1 771
5 778 753 742 712 748
2 713 793
1 761
4 726 760 793 751
2 777 783
3 759 773 719
2 783 793
1 713
3 761 735 784
5 788 725 701 735 713
1 727
5 726 722 790 737 715
1 748
1 775
2 701 747
2 787 781
1 772
5 733 784 780 716 774
2 792 726
3 705 791 731
4 768 753 759 704
4 751 703 709 725
1 761
1 719
2 703 755
1 748
4 706 779 755 731
2 798 757
4 702 799 779 723
4 731 733 774 749
3 729 709 707
4 769 729 775 768
3 729 790 782
2 747 760
3 778 756 771
1 704
4 736 735 798 754
5 730 728 766 712 756
1 770
1 895
5 885 814 833 865 855
4 884 801 874 808
5 881 878 815 837 854
3 871 851 856
2 833 835
2 844 842
3 866 805 824
5 841 889 899 806 843
3 841 843 838
3 873 870 878
4 806 831 841 828
3 849 815 865
5 818 861 877 847 878
3 870 892 873
5 843 830 852 807 870
2 844 870
1 865
2 809 871
4 802 898 861 850
4 826 836 882 838
2 828 815
1 850
3 869 859 900
3 863 806 820
4 801 889 879 866
2 839 888
5 840 837 875 841 801
2 829 882
1 892
4 855 888 810 865
1 869
4 805 831 822 876
1 874
1 869
4 802 859 878 816
1 815
3 843 815 846
1 848
2 863 856
3 850 818 857
2 886 821
1 868
4 889 858 867 804
3 858 806 836
5 821 838 801 815 881
2 861 851
4 847 865 822 839
4 839 896 822 824
3 835 843 813
3 900 879 826
2 888 831
4 875 804 802 875
3 882 842 830
4 807 828 849 828
4 814 866 814 836
1 833
5 883 845 892 834 875
4 862 863 900 878
2 855 879
3 824 812 856
4 847 863 881 847
5 899 861 808 864 848
5 848 869 835 844 812
3 819 880 882
3 831 859 821
5 837 883 861 900 839
4 846 853 846 845
2 897 805
1 812
4 801 812 872 835
5 883 854 825 814 835
2 845 893
4 881 881 812 841
2 802 806
5 854 804 874 847 852
3 848 815 833
3 826 804 834
3 838 887 809
1 874
3 847 866 846
3 899 857 868
5 810 826 859 863 881
2 810 832
1 809
1 893
3 824 848 841
3 885 879 816
3 852 833 834
5 879 861 820 887 881
4 897 858 860 811
3 891 820 869
4 828 866 896 835
1 896
2 848 880
1 864
2 809 848
3 830 878 813
4 865 845 850 813
2 809 823
4 951 943 959 954
2 977 902
4 917 997 987 965
3 944 980 947
3 979 999 934
2 963 983
1 908
2 933 909
5 955 1000 942 949 910
3 923 986 949
3 903 997 969
4 976 913 950 922
2 928 972
5 984 935 984 956 994
5 940 954 906 947 953
3 995 915 947
4 1000 947 951 954
3 972 972 970
4 973 944 952 901
5 953 936 901 937 944
4 951 983 948 909
4 952 908 976 966
4 944 918 1000 947
1 994
3 995 963 953
2 906 904
4 973 956 955 973
4 950 919 947 932
1 955
1 969
4 936 987 919 931
4 918 977 974 963
1 968
2 998 987
5 953 905 907 961 911
1 904
5 949 902 992 966 956
4 987 921 939 973
4 921 976 908 998
1 970
5 969 947 945 955 981
4 911 939 909 922
4 965 981 970 966
4 935 974 927 921
1 917
5 985 938 972 992 987
3 914 981 993
2 925 999
2 974 909
5 934 982 950 950 915
4 968 938 906 993
2 978 938
3 923 974 922
4 918 908 918 931
4 910 942 965 960
5 990 969 966 976 902
5 925 916 986 944 906
3 936 922 920
1 954
4 999 976 940 916
5 957 998 975 919 939
5 978 923 981 946 940
1 948
2 933 915
2 976 920
4 912 941 905 989
2 999 987
4 938 955 908 994
2 983 912
1 974
5 965 954 987 905 962
1 911
4 901 954 969 920
4 932 961 943 920
4 941 907 932 978
3 991 924 964
3 987 906 998
1 971
2 915 927
3 1000 989 958
2 942 926
2 980 958
4 922 929 942 915
2 973 992
4 963 967 963 988
4 968 985 981 990
3 947 916 952
2 956 909
5 949 987 921 928 996
4 902 924 997 968
1 921
4 961 936 978 923
3 931 943 959
3 932 999 910
5 902 908 907 963 957
1 949
5 935 944 985 988 919
2 955 981
2 966 942
2 943 916
